0.979391 215
0.000081 109
0.006818 207
0.000095 15
1.728046 1
0.103249 3
0.153601 1
0.063011 1
0.365641 7
0.000088 11
0.001417 18
0.037779 170
0.000510 514
0.000111 86
0.000463 514
0.472738 215
0.000179 284
0.006630 217
0.486239 286
0.698192 1293
0.011785 210
0.324715 285
0.140293 214
0.007318 221
0.773258 287
0.408229 1447
0.029526 213
0.000482 210
0.120217 1447
0.135812 1447
0.135749 1447
0.160002 1447
0.142760 1447
0.136596 1447
0.143018 1447
0.144111 1447
0.148313 1447
0.264265 423
0.085814 1447
0.030440 210
0.000662 213
0.171169 1447
0.148109 1447
0.239955 1447
0.281657 422
0.153208 287
1.842323 891
0.157074 286
1.721808 1
0.145303 3
0.133212 286
0.028498 1
0.168926 1
0.068509 1
0.054890 1
0.112364 1
0.335269 1
0.275744 1
0.210869 1
0.132645 1
0.213555 1
0.140354 1
0.177284 1
0.080857 287
0.009303 1
0.111684 1
0.155012 1
0.104036 1
0.110616 1
0.074885 1
0.113578 1
0.138186 1
0.555278 10
0.002017 284
0.624815 284
0.064975 69
0.106637 65
1.309259 13
0.520863 287
0.588308 17
0.605948 4
0.000087 13
0.507706 17
0.296925 287
0.680215 4
0.059846 75
0.194415 76
1.065859 284
1.210073 266
0.392284 76
0.396779 285
0.372435 87
0.391695 82
0.244093 87
0.000456 37
0.000394 42
0.090769 52
0.092983 62
0.000123 60
0.000036 60
0.241911 72
0.204445 46
0.360511 285
0.018618 92
0.272795 94
0.000113 51
1.710554 285
2.000379 285
2.002282 285
2.002752 285
2.002840 285
1.998861 285
2.001013 285
2.002805 285
1.015645 58
0.984895 285
2.001144 285
2.002560 285
1.694519 53
0.305031 285
0.619118 31
0.033448 29
1.350356 285
0.792636 34
0.002010 36
0.001129 37
1.205811 285
2.001768 285
1.596318 72
0.003036 96
0.043884 31
0.000476 101
0.000084 107
0.000415 98
0.000267 132
0.000306 218
0.000207 130
0.000348 127
0.000225 328
0.000731 1826
0.016649 1588
0.015699 1242
0.008854 300
0.011113 584
0.010004 622
0.250994 72
0.040320 285
0.078931 53
0.002284 2607
0.000245 80
0.351948 94
0.249247 141
0.012699 134
1.305555 285
0.018140 143
0.662352 178
0.000945 107
1.141221 101
0.176968 285
2.002877 285
1.998502 285
2.002298 285
2.000989 285
2.002302 285
1.465870 95
0.122332 104
0.413296 285
0.915302 194
0.048629 102
0.004502 332
0.186003 63
0.035380 62
0.276508 64
0.001560 57
0.163890 79
0.074379 122
0.292481 288
0.252724 122
0.027520 122
0.019807 122
0.032601 122
0.036504 122
0.017503 122
0.013746 122
0.233355 122
0.062152 122
0.009972 122
0.066515 122
0.021550 122
0.017446 122
0.014590 122
0.021283 122
0.015269 122
0.020608 122
0.031519 122
0.022791 122
0.021502 122
0.021090 122
0.016213 122
0.013952 122
0.018689 122
0.035111 122
0.056710 122
0.019527 122
0.861120 288
0.418888 122
0.628222 122
0.407152 122
0.213920 122
0.092007 122
0.036061 122
0.026064 122
0.176471 288
0.919608 122
1.081377 288
2.002086 288
2.002156 288
0.363982 122
1.637887 288
2.002223 288
2.001594 288
2.001091 288
2.000784 288
2.002078 288
0.504538 122
1.497836 288
2.001649 288
2.002167 288
1.430817 122
0.044776 122
0.042638 122
0.044185 122
0.029831 122
0.005866 122
0.007263 122
0.005327 122
0.007417 122
0.004514 122
0.004620 122
0.003331 122
0.005572 122
0.007553 122
0.007750 122
0.005278 122
0.006842 122
0.004675 122
0.006378 122
0.006650 122
0.005168 122
0.005333 122
0.005947 122
0.005593 122
0.007956 122
0.004567 122
0.030291 122
0.004251 122
0.004880 122
0.004507 122
0.026137 122
0.005493 122
0.005743 122
0.006055 122
0.004747 122
0.005380 122
0.004894 122
0.004134 122
0.005977 122
0.006390 122
0.005248 122
0.005415 122
0.006183 122
0.000730 122
0.000679 122
0.110164 2613
0.000211 47
0.036438 285
0.033356 154
1.158070 86
0.235158 94
0.505945 120
0.068823 285
0.149092 30
0.009471 49
0.001932 57
0.008107 2
0.000095 1
0.007323 1
0.010495 1
0.000210 2
0.000178 1
0.006829 31
0.005425 74
0.020885 78
0.885263 71
0.102219 121
0.792990 285
2.002246 285
2.002224 285
2.000856 285
2.002189 285
2.002320 285
1.998237 285
2.002346 285
2.001833 285
2.002264 285
2.002273 285
2.002237 285
2.000815 285
1.650666 75
0.352570 285
1.085630 89
0.913015 285
0.158880 97
0.000767 90
1.396701 106
0.139075 115
0.305149 285
2.002883 285
0.274575 86
0.000094 80
0.000085 87
0.466477 95
0.000221 142
1.261643 285
0.513817 98
0.717345 81
0.308162 99
0.030839 112
0.004265 211
0.233691 218
0.011204 1547
0.152694 104
0.028306 285
0.078454 1862
0.060462 125
0.168018 191
0.060395 127
0.123311 247
0.007587 95
0.005864 94
0.044670 132
0.063162 149
0.015328 167
0.013490 167
0.013915 167
0.049965 167
0.039175 167
0.048212 167
0.019837 167
0.009646 167
0.019177 167
0.005317 167
0.006604 167
0.008117 167
0.005778 167
0.006349 167
0.005719 167
0.005277 167
0.008920 167
0.065461 963
0.000189 79
0.117495 99
0.034548 1660
0.108462 99
0.022311 112
0.761634 285
2.002730 285
2.002943 285
1.500622 102
0.001352 101
0.042287 156
0.460654 285
0.252754 571
0.069998 249
0.000175 90
0.431335 284
0.140151 237
0.001105 90
1.105973 285
2.002879 285
2.002839 285
2.006971 285
2.002187 285
0.318870 104
0.242688 92
0.039975 99
0.000134 129
0.000383 144
0.119850 153
0.001701 154
0.001095 152
0.001689 151
0.000987 150
0.000878 152
0.001597 150
0.002346 143
0.000967 130
0.030499 99
0.000219 128
0.001447 159
0.001767 137
0.000314 135
0.000309 162
0.000864 160
0.000917 136
0.000345 157
0.001005 137
0.000264 164
0.001155 139
0.001275 137
0.000710 170
0.001775 138
0.000327 128
0.000256 99
0.000240 133
0.000697 161
0.001647 165
0.000238 132
0.000295 134
0.000269 139
0.000255 142
0.001723 168
0.002112 170
0.002545 163
0.001059 136
0.000245 99
0.000235 133
0.000367 133
0.001285 157
0.001137 135
0.000293 131
0.000286 99
0.000179 137
0.000284 155
0.000656 99
0.000210 131
0.141452 104
0.097865 108
0.003938 3038
0.000624 176
0.965329 285
1.781133 139
0.000428 210
0.221199 285
2.002767 285
2.002456 285
2.002957 285
1.999027 285
2.002751 285
0.594465 247
0.000381 132
0.043779 401
0.002660 95
0.041587 94
0.095721 96
0.000378 89
0.134563 149
0.110692 167
0.033516 167
0.011793 167
0.015033 167
0.067529 167
0.015892 167
0.048128 167
0.197324 167
0.046992 167
0.334347 167
0.055568 167
0.042037 167
0.056179 167
0.023141 167
0.028332 285
0.125312 167
0.037008 167
0.019349 167
0.166911 167
0.093971 167
0.040015 167
1.517841 285
2.002250 285
0.735700 167
0.123513 167
0.036841 167
0.003274 167
0.007454 167
0.005147 167
0.003818 167
0.008923 167
0.005797 167
0.004263 167
0.007824 167
0.005279 167
0.006652 167
0.004336 167
0.004842 167
0.007155 167
0.005009 167
0.008673 167
0.006325 167
0.004210 167
0.003615 167
0.003748 167
0.004667 167
0.007503 167
0.004323 167
0.073028 2455
0.000176 79
0.258948 210
0.293228 167
0.043643 167
0.312584 285
0.182934 85
0.015379 167
0.039767 143
0.018435 167
0.053798 219
0.007755 223
0.018906 167
0.226499 90
0.016659 167
0.050446 159
0.017028 167
1.354155 285
2.001864 285
2.001275 285
2.002501 285
2.002118 285
2.002906 285
2.002241 285
1.998434 285
2.000729 285
2.001443 285
1.998614 285
2.000873 285
2.002324 285
2.001725 285
2.002614 285
2.001189 285
2.002284 285
2.002237 285
2.001821 285
2.000716 285
2.002198 285
2.002313 285
2.001794 285
2.002272 285
2.001324 285
2.002252 285
2.002244 285
2.002477 285
2.002332 285
2.002244 285
2.002210 285
2.002376 285
2.001741 285
2.000516 285
2.002218 285
2.002335 285
2.002312 285
2.002030 285
2.002291 285
2.002295 285
2.002196 285
2.002169 285
2.001809 285
2.002248 285
2.002205 285
2.004498 285
2.004593 285
2.003370 285
2.004471 285
2.003528 285
2.004502 285
2.003426 285
2.004725 285
2.003302 285
2.004748 285
2.003326 285
2.004482 285
2.003574 285
1.772942 90
0.020367 167
0.210468 285
0.126883 90
0.019057 167
1.858691 285
2.004808 285
2.003939 285
2.004325 285
2.002616 285
2.004387 285
2.003981 285
2.004806 285
0.313836 105
1.691088 285
2.002432 285
2.005104 285
2.002950 285
2.004305 285
1.116048 111
0.887674 285
2.002988 285
2.006201 285
2.003391 285
2.003756 285
2.004540 285
2.003923 285
2.003875 285
2.003682 285
1.543855 105
0.459854 285
2.003038 285
2.006036 285
2.003378 285
2.003955 285
2.008574 285
2.003808 285
2.003693 285
2.003878 285
2.004320 285
0.670722 111
1.335070 285
2.002905 285
2.001112 285
2.002780 285
2.002844 285
2.005045 285
2.003995 285
2.003785 285
2.003479 285
2.004444 285
0.584719 113
1.419046 285
2.004109 285
2.004120 285
2.003321 285
2.004916 285
2.003709 285
2.003987 285
2.004907 285
2.003315 285
0.858659 110
1.147315 285
2.002013 285
2.003892 285
2.004418 285
2.003934 285
2.004396 285
2.003687 285
2.004345 285
2.003722 285
2.003185 285
0.782062 104
1.223093 285
2.003390 285
2.003981 285
2.004058 285
2.003828 285
2.004638 285
2.003747 285
2.003584 285
2.004474 285
0.643812 107
1.360872 285
2.004011 285
2.003256 285
2.003306 285
2.005190 285
2.004086 285
2.003883 285
2.003834 285
2.003879 285
1.270762 108
0.734610 285
2.003220 285
2.003846 285
2.004361 285
2.003336 285
2.003322 285
2.005213 285
2.003273 285
2.004187 285
2.003394 285
0.173553 106
0.022082 167
1.808750 285
1.412912 90
0.017740 167
0.573934 285
2.003593 285
2.003913 285
2.004060 285
2.003495 285
1.768780 90
0.020382 167
0.215669 285
2.003922 285
0.861058 90
0.018775 167
1.123459 285
0.545052 90
0.017426 167
1.442744 285
2.003897 285
1.389389 90
0.019052 167
0.042861 91
0.000188 167
0.034256 143
0.019127 167
0.076613 221
0.007727 219
0.006835 215
0.005265 221
0.028086 167
0.373320 285
0.048541 90
0.019024 171
0.270862 90
0.015955 167
0.251336 90
0.016952 168
1.383157 285
2.002886 285
2.003941 285
2.004037 285
0.779329 342
0.028970 167
0.450936 90
0.000237 208
0.018692 167
0.278675 85
0.020944 167
0.050304 143
0.020191 167
0.060748 152
0.021020 167
0.073628 159
0.017745 167
0.182585 285
0.926893 90
0.018170 167
1.059419 285
2.004482 285
2.004007 285
0.156884 90
0.000291 369
0.018790 167
0.152349 90
0.019232 167
1.655483 285
2.004985 285
2.003822 285
2.003828 285
2.003967 285
2.003754 285
2.004025 285
2.004001 285
2.004012 285
2.003803 285
2.003840 285
2.004467 285
2.003877 285
2.003997 285
2.004098 285
2.004081 285
2.003440 285
2.004566 285
2.003896 285
2.003976 285
2.003996 285
2.003504 285
2.003693 285
2.004392 285
2.004275 285
2.004191 285
2.003449 285
2.004379 285
2.004500 285
2.003360 285
2.004420 285
2.003277 285
1.810663 110
0.021060 167
0.173164 285
0.101885 90
0.017977 167
0.426753 90
0.017746 167
1.438738 285
2.004411 285
2.004980 285
0.734934 90
0.017259 167
1.250917 285
2.004505 285
2.003420 285
2.003555 285
1.386493 90
0.018619 167
0.598806 285
0.096600 90
0.021623 167
0.022874 91
0.018823 167
0.060670 152
0.003915 149
0.006991 152
0.017340 167
1.756663 285
2.004017 285
2.003736 285
2.004411 285
2.003744 285
2.003915 285
2.003873 285
1.720140 90
0.018630 167
0.264809 285
0.105117 90
0.018924 167
0.418727 111
0.214020 107
0.017588 167
0.048939 159
0.017831 167
0.702789 90
0.028096 167
0.432226 285
2.003931 285
2.003945 285
1.008722 90
0.017971 167
0.151261 90
0.019592 167
0.467041 105
0.021353 167
0.140701 85
0.017514 167
0.159593 285
0.098556 85
0.038994 167
0.762923 90
0.019121 167
1.028232 90
0.027903 167
0.028504 285
0.145764 85
0.017398 167
0.020268 91
0.018466 167
0.041265 144
0.017043 167
0.049621 225
0.016649 167
0.045685 160
0.020272 167
1.610810 285
2.005262 285
2.004106 285
2.003264 285
2.003984 285
2.004492 285
2.004038 285
2.004071 285
2.002581 285
2.005135 285
1.522905 106
0.020794 167
0.040123 91
0.010896 167
0.051012 144
0.020235 167
0.064781 221
0.019436 167
0.060370 158
0.020309 167
0.173476 285
0.059082 90
0.022296 167
0.027945 91
0.001468 167
1.525415 90
0.000862 167
0.000258 148
0.366321 285
0.870228 84
1.134715 285
0.607993 228
0.752660 161
0.002192 97
0.000927 110
0.637887 101
0.001261 285
0.307516 100
0.011740 113
0.282972 109
0.257536 104
0.006977 117
0.282213 95
0.795914 235
0.060461 285
0.227869 201
0.042578 121
0.202642 232
0.078894 238
0.005647 234
0.005563 199
0.003108 297
0.203157 213
0.112535 206
0.004742 227
0.001820 215
0.003077 203
0.003041 205
0.006853 210
0.003100 226
0.003744 243
0.076606 134
0.000378 180
0.065655 116
0.001109 103
0.002994 182
0.081575 141
0.081791 143
0.257909 129
0.079112 99
0.447446 285
2.004028 285
2.003725 285
0.136499 103
1.867626 285
2.003536 285
2.004795 285
2.003906 285
2.003519 285
2.004940 285
2.004034 285
2.003903 285
2.003253 285
2.004370 285
2.003711 285
2.003430 285
2.004804 285
2.005016 285
2.002056 285
2.003040 285
2.005573 285
2.004382 285
0.055667 84
0.771043 97
1.179116 285
2.002880 285
0.775337 102
1.228288 285
2.003142 285
0.748008 149
0.003401 115
0.040628 88
0.000136 102
0.078496 99
1.048103 271
0.085394 285
0.026300 99
0.918935 270
0.112940 99
0.883976 193
0.062225 285
0.094858 99
0.851796 199
0.106586 99
0.880495 233
0.069757 285
0.902227 190
0.991077 178
0.110374 285
0.898646 649
0.115077 99
0.373882 145
0.618575 285
0.405454 150
1.598060 285
0.089405 291
0.013928 145
0.613815 150
1.287286 285
0.112590 128
0.311767 123
0.664622 119
0.278668 109
0.291211 104
0.343896 285
0.006584 107
0.003139 108
0.189240 106
0.928307 102
0.287439 101
0.430362 107
0.159217 285
0.105889 109
0.299685 107
0.745987 106
0.281690 105
0.329596 104
0.241233 285
0.052192 109
0.455636 103
1.496200 285
2.003782 285
2.003908 285
2.003823 285
2.003495 285
0.641085 106
0.183817 110
0.282649 110
0.897137 285
0.227120 116
0.396177 116
1.380302 285
0.439118 114
0.267517 109
0.269205 113
0.401604 110
0.325449 112
0.301861 285
1.538275 106
0.189308 105
0.196632 103
0.079135 285
0.363833 112
1.047474 108
0.592597 285
2.003836 285
2.004405 285
0.186446 114
0.548581 108
1.191648 112
0.078064 285
1.558229 105
0.219873 105
0.015773 96
0.022203 195
0.013655 118
0.145694 175
0.028105 285
0.040260 106
0.142112 119
0.274370 455
0.008481 196
0.035010 118
0.001121 175
0.069302 106
0.137062 119
0.258858 443
0.286085 133
0.751859 285
0.234236 229
0.227892 140
0.169112 229
0.019618 145
0.239545 228
0.046902 146
0.216790 231
0.114742 148
0.242908 235
0.103101 153
0.206546 230
0.040824 149
0.140765 285
0.088874 232
0.037993 164
0.203032 212
0.195471 163
0.587409 224
0.372668 174
0.224198 227
0.042055 183
0.229810 237
0.022539 285
0.020102 175
0.222170 222
0.039016 183
0.365583 217
0.425998 171
0.266228 220
0.040518 174
0.222157 228
0.039917 194
0.229972 220
0.132658 285
0.116396 246
0.044876 120
0.247020 142
0.347398 119
0.330736 141
0.015876 114
0.902170 285
1.627511 136
0.033144 122
0.342739 285
2.003339 285
2.004426 285
2.004465 285
2.003294 285
2.004507 285
2.003602 285
0.039815 144
0.156187 315
0.481734 261
0.131018 754
0.017454 103
0.005018 214
0.000373 106
0.005485 108
0.006660 105
0.000197 158
0.016132 111
0.005000 109
0.006159 488
0.034537 95
1.098327 285
1.526499 222
0.125916 99
0.351703 285
0.854992 248
0.146106 99
0.815937 114
0.000295 88
0.027670 101
0.021488 113
0.023703 102
0.113386 285
0.391129 112
0.006100 102
0.653349 112
0.042099 214
0.000189 285
0.042369 231
0.870181 287
2.003959 287
2.003206 287
2.004157 287
1.536422 887
0.468353 287
0.816083 1
0.056997 3
0.123994 1
0.118209 1
0.154321 1
0.540831 13
0.192789 288
0.563768 3
0.235610 1
0.147819 1
0.099117 1
0.158145 1
0.799725 288
0.994751 10
0.030007 285
0.042659 273
0.000317 1388
0.001151 884
0.000803 214
0.000338 282
0.009558 232
0.924159 282
1.210851 1201
0.647155 283
0.206308 8
0.500539 3
0.034530 3
0.032787 288
0.033032 3
0.032918 3
0.033176 3
0.033181 147
0.033258 156
0.032515 157
0.033182 158
0.033430 157
0.034020 154
0.033702 157
0.032423 157
0.362443 157
0.352597 288
0.252463 1
0.195801 1
0.158874 1
0.197024 1
0.182468 288
0.177697 1
0.259148 3
0.498493 288
0.031878 3
0.197304 1
0.500352 1
0.033038 1
0.033104 1
0.034742 133
0.033450 133
0.033806 131
0.033288 130
0.034215 132
0.163271 283
0.499350 3
0.032286 3
0.034100 3
0.033910 3
0.033227 3
0.033147 3
0.587929 288
0.006217 1
1.998991 288
1.970287 1069
2.036246 282
0.250742 630
0.852050 1
0.083141 3
0.090146 1
0.140137 1
0.587868 287
0.018068 1
0.263865 1
0.163198 1
0.159899 1
0.189774 1
0.256154 18
0.949930 288
0.095869 3
0.001078 39
0.031039 285
0.188140 195
0.001220 78
0.000321 26
0.001373 212
0.000326 175
0.000118 354
0.000051 31
0.004367 698
0.000100 390
0.000078 330
0.000061 158
0.000019 24
1.679498 284
1.084989 284
0.129039 2746
0.013303 24
0.005461 29
0.025357 31
0.010171 32
0.006786 33
0.013981 34
0.007329 35
0.006960 36
0.019609 38
0.008793 39
0.006793 40
0.007061 41
0.014468 42
0.007813 43
0.018685 44
0.008882 45
0.014098 46
0.007052 47
0.014741 48
0.016804 49
0.010969 50
0.014108 51
0.014154 52
0.024438 54
0.010985 55
0.007050 56
0.006975 57
0.007120 58
0.007103 256
0.024376 59
0.003715 60
0.007859 61
0.013574 62
0.007025 63
0.007214 64
0.023152 66
0.004939 67
0.014422 68
0.007592 69
0.013421 70
0.023571 72
0.012503 73
0.013324 74
0.014333 75
0.023581 76
0.011996 77
0.050529 78
0.026990 79
0.056606 80
0.045475 81
0.039492 82
0.007245 288
0.098840 83
1.902681 288
0.835704 173
0.001599 4095
0.000091 252
1.164216 284
1.472041 898
0.530139 282
0.843090 1
0.156363 3
0.115597 1
0.163976 1
0.637307 1
0.085956 283
0.255461 1
0.346156 1
0.148239 1
0.180598 1
0.521657 1
0.353574 1
0.122574 1
0.072900 283
1.507845 1
0.099491 1
0.263709 1
0.129099 283
0.636455 1
0.170355 1
0.158180 1
0.114296 1
0.085959 1
0.128343 1
0.696798 1
0.008933 283
1.127708 1
0.180701 1
0.146406 1
0.136636 1
0.411311 283
0.918581 40
0.003362 282
0.055326 89
0.002071 214
0.000817 282
0.027107 259
0.994127 282
2.001603 282
0.660780 26
0.718431 3
0.165461 3
0.158805 3
0.191228 3
0.105026 283
0.391051 1
0.211059 1
0.135204 1
0.156052 1
0.874192 40
0.001697 282
0.029865 51
0.002516 214
0.000833 282
0.026680 232
2.172098 282
2.002833 282
2.001376 282
2.002799 282
1.892124 899
0.790888 6
0.000495 55
0.001570 4095
0.000109 280
0.000190 214
0.033293 223
0.000095 8
1.286261 287
0.678489 1
0.140817 3
0.216284 1
0.183326 1
0.087270 1
0.098950 1
0.086523 1
0.159757 1
0.137782 1
0.146715 1
0.065126 288
0.056885 1
0.810799 39
0.003392 285
1.129392 285
1.044505 308
0.958116 288
0.969383 1
0.111083 1
0.074070 1
0.117634 1
0.023748 1
0.088045 1
0.426884 1
0.193203 288
0.104164 1
0.116436 1
0.760576 74
0.202438 2
0.122046 440
0.001145 310
0.697820 287
1.784278 1
0.122244 1
0.092984 287
0.013633 1
0.158236 1
0.262922 1
0.128823 1
0.086316 1
0.155544 1
1.198206 287
1.289200 1
0.373791 1
0.262513 1
0.077007 287
0.072267 1
1.930908 287
1.903388 1
0.097174 287
0.190324 1
1.267205 1
0.134743 1
0.115442 1
0.174476 1
0.117060 287
0.025312 1
0.072468 1
0.130457 1
0.809136 1
0.218181 1
0.090745 1
0.160435 1
0.071095 1
0.421520 287
0.316772 1
0.123819 1
0.103556 1
0.112801 1
0.373035 1
0.973815 287
0.403584 1
0.229067 1
0.202028 1
0.156021 1
0.352286 1
0.657510 287
0.008864 1
0.203588 1
0.188713 1
0.734508 1
0.218490 1
0.182069 1
0.465433 287
0.705242 4
0.500187 4
0.033724 4
0.033865 4
0.033146 4
0.032398 4
0.034144 4
0.033829 4
0.033597 4
0.033094 4
0.032401 4
0.032598 4
0.034623 4
0.033614 4
0.033537 4
0.032406 4
0.033847 4
0.032767 4
0.032891 4
0.033224 4
0.033061 4
0.033003 4
0.032917 4
0.033023 4
0.033055 4
0.029058 287
0.003917 4
0.034458 4
0.034532 4
0.033061 4
0.034278 4
0.033046 4
0.034088 4
0.032685 4
0.033969 4
0.032839 4
0.033132 4
0.032600 4
0.031575 4
0.033754 4
0.034628 4
0.258498 4
0.172797 4
1.098572 287
0.900966 8
0.003281 33
0.003125 213
0.001164 284
0.012968 217
0.979494 11
0.100934 287
0.086436 30
0.822646 9
0.705090 9
0.385240 287
0.775368 10
0.001717 284
0.034766 14
0.002884 214
0.000765 285
0.027075 212
0.000140 8
0.765648 26
0.203737 10
0.001715 285
0.029422 14
0.002141 214
0.001064 285
0.026420 212
0.000150 8
2.132079 287
2.002868 287
2.002606 287
0.563377 892
0.844034 1
0.203486 3
0.089965 1
0.111257 1
0.188544 282
0.522274 40
0.003680 282
0.045917 1616
0.032155 212
0.664248 1
0.206984 3
0.055785 1
0.156082 1
0.313170 287
2.001453 287
0.126664 10
0.022733 94
0.000266 10
0.000647 215
0.000374 89
0.000078 20
0.024491 207
0.000073 7
0.000083 8
2.686138 1
0.326171 3
0.146440 1
0.086314 1
0.575477 7
0.000143 11
0.002782 18
