0.895434 215
0.000074 109
0.006841 207
0.000009 7
0.000087 8
0.491852 1
0.108686 3
0.135680 1
0.073643 1
0.338448 7
0.000153 11
0.001246 18
0.011713 170
0.000570 514
0.000034 86
0.000430 514
0.483765 215
0.000189 284
0.006780 217
1.063700 286
0.425175 1293
0.028474 210
0.455348 214
0.000181 285
0.007248 221
1.111386 287
0.307979 1447
0.017731 409
0.482178 1447
0.018627 409
0.013129 1447
0.033918 1447
0.033218 1447
0.032797 1447
0.033931 1447
0.032706 1447
0.032247 1447
0.033006 1447
0.033276 1447
0.281288 210
0.000925 213
1.030568 287
0.740014 891
0.831666 1
0.143401 3
0.149764 1
0.137049 286
0.010032 1
0.076129 1
0.027259 1
0.100430 1
0.214211 1
0.295300 1
0.169068 1
0.137904 1
0.197627 1
0.149099 1
0.166964 1
0.090797 1
0.108597 1
0.127252 1
0.127517 1
0.004908 287
0.088563 1
0.085780 1
0.114417 1
0.143099 1
0.676332 10
0.001793 284
0.690383 69
0.102235 65
0.096426 284
1.122116 13
0.877216 287
0.332871 4
0.000011 13
0.606221 17
0.435200 4
0.000047 13
0.625410 287
0.628280 4
0.091535 75
0.107298 76
1.174231 284
1.062264 266
0.460484 76
0.476706 285
0.351900 87
0.270600 82
0.300798 87
0.000415 37
0.000185 42
0.059272 52
0.056889 62
0.000058 62
0.000183 60
0.261650 72
0.199435 46
0.327171 92
0.172441 285
0.013584 50
0.000103 44
0.000154 51
1.986337 285
1.996478 285
2.002154 285
2.001818 285
2.002961 285
2.002887 285
2.002665 285
2.002778 285
0.825730 58
1.173784 285
2.002437 285
2.002755 285
1.335672 53
0.661408 285
0.259404 31
0.056066 29
1.686032 285
2.000914 285
0.782170 34
0.006998 67
1.214180 285
2.000716 285
1.219601 72
0.003303 222
0.041490 107
0.000434 98
0.000111 132
0.000199 128
0.000231 132
0.000186 130
0.000326 127
0.000335 126
0.000179 109
0.000177 110
0.000347 97
0.000177 135
0.000398 126
0.000201 133
0.000173 118
0.000273 116
0.000219 128
0.001053 120
0.000926 121
0.000899 124
0.001073 124
0.001114 121
0.001017 119
0.000216 125
0.000419 131
0.001202 132
0.000247 125
0.001131 131
0.001053 123
0.001651 129
0.000913 134
0.000111 123
0.000269 123
0.001244 121
0.001480 116
0.000250 117
0.001356 126
0.000274 67
0.000908 98
0.003233 102
0.002955 138
0.001118 123
0.000368 95
0.000341 101
0.000249 96
0.000283 102
0.001594 96
0.000576 94
0.000644 100
0.000862 102
0.001264 103
0.001455 106
0.002710 100
0.002211 105
0.001510 137
0.001454 135
0.000841 103
0.001361 104
0.003368 140
0.001371 126
0.002250 113
0.001686 101
0.001600 102
0.002197 106
0.001117 106
0.001038 102
0.001862 102
0.000950 104
0.000361 101
0.001697 108
0.002164 67
0.000303 104
0.000173 135
0.012724 184
0.003204 107
0.000787 103
0.001487 134
0.001089 127
0.001282 109
0.000803 67
0.000242 112
0.000289 105
0.003906 125
0.000945 129
0.001181 104
0.002334 129
0.001608 103
0.273001 72
0.115535 53
0.005625 2364
0.000027 63
0.000256 59
0.240538 285
0.032165 94
0.220878 141
0.042175 134
0.980406 107
0.000282 178
0.724934 285
0.004359 143
1.994241 285
0.184863 115
1.818216 285
1.997119 285
2.002565 285
0.991387 95
0.117534 104
0.889642 285
0.287412 118
0.000292 118
0.048405 102
0.003834 332
0.188185 63
0.036430 62
0.290452 64
0.000740 57
0.164420 79
0.071465 122
0.590239 122
0.029882 122
0.016920 122
0.033691 122
0.034715 122
0.015698 122
0.012473 122
0.176491 288
0.060597 122
0.019711 122
0.009565 122
0.066146 122
0.020924 122
0.012774 122
0.012684 122
0.015740 122
0.013538 122
0.014969 122
0.023924 122
0.017991 122
0.017711 122
0.019065 122
0.012974 122
0.014250 122
0.016968 122
0.033810 122
0.055638 122
0.026622 122
1.457315 122
0.056393 288
0.749052 122
0.390062 122
0.206786 122
0.093487 122
0.033226 122
0.024451 122
0.500673 288
0.594997 122
1.404601 288
2.002272 288
2.002199 288
0.083556 122
1.930573 288
2.000845 288
2.002340 288
2.000884 288
2.000879 288
2.002213 288
1.647268 122
0.352648 288
2.001814 288
2.002237 288
2.002237 288
1.865584 122
0.052238 122
0.042222 122
0.040322 288
0.010502 122
0.033367 122
0.010249 122
0.003735 122
0.010256 122
0.006280 122
0.005213 122
0.006430 122
0.008522 122
0.003246 122
0.007544 122
0.009952 122
0.004239 122
0.009522 122
0.006633 122
0.004540 122
0.005353 122
0.007538 122
0.006220 122
0.005298 122
0.006131 122
0.006031 122
0.006476 122
0.034715 122
0.005442 122
0.005599 122
0.005231 122
0.027472 122
0.005645 122
0.006990 122
0.006441 122
0.005664 122
0.005083 122
0.004451 122
0.004880 122
0.005616 122
0.004873 122
0.005054 122
0.006009 122
0.006188 122
0.000422 122
0.000835 122
0.113847 2367
0.000217 47
0.048904 154
1.145727 86
0.241101 94
0.120332 285
0.420603 120
0.183296 30
0.027576 49
0.002829 57
0.009260 3
0.010680 1
0.010922 4
0.009040 31
0.006821 74
0.022026 78
1.023053 71
0.103596 121
0.172412 285
2.002288 285
2.002245 285
2.002285 285
2.002364 285
2.002262 285
2.002244 285
2.002284 285
2.002309 285
2.002214 285
2.002255 285
2.002225 285
2.002321 285
2.001701 285
1.991205 75
0.012402 285
1.425192 89
0.573231 285
0.518533 97
0.000587 90
1.368250 106
0.112416 285
0.032873 115
1.969187 285
0.580378 166
0.000115 87
0.489125 95
0.000273 142
0.929356 285
0.839080 98
0.614342 81
0.272945 99
0.028839 112
0.001169 102
0.000511 98
0.000332 105
0.220676 218
0.000946 139
0.004749 339
0.001754 291
0.000913 161
0.000927 180
0.002222 659
0.008399 285
0.149787 104
0.099619 108
0.008929 1795
0.056360 125
0.197616 191
0.006528 192
0.114749 247
0.016553 95
0.006661 94
0.047767 132
0.057355 149
0.013589 167
0.009580 167
0.013722 167
0.050126 167
0.036963 167
0.040878 167
0.015933 167
0.009725 167
0.014625 167
0.005610 167
0.007295 167
0.005611 167
0.005286 167
0.004506 167
0.004447 167
0.004035 167
0.007564 167
0.064495 963
0.000120 79
0.115939 99
0.033966 1548
0.097842 99
0.035141 112
0.641614 285
2.002662 285
1.998310 285
1.235151 249
0.765726 285
2.002866 285
2.002780 285
2.001009 285
2.002687 285
2.002196 285
0.623091 104
0.246404 317
0.146650 153
0.001310 253
0.017856 635
0.024336 579
0.015085 2354
0.003312 659
0.002765 177
0.143562 104
0.099907 108
0.009019 3000
0.665450 285
0.409290 139
0.000531 210
1.594455 285
2.002790 285
2.002835 285
2.002672 285
1.755741 247
0.000472 132
0.042117 401
0.005219 95
0.056127 94
0.109438 132
0.032372 285
0.324359 149
0.168264 167
0.034693 167
0.012741 167
0.017561 167
0.063259 167
0.017446 167
0.044061 167
0.195168 167
0.049130 167
0.361622 167
0.054288 167
0.039721 167
0.051278 167
0.020644 167
0.140267 167
0.035710 167
0.019214 167
0.164200 167
0.095438 167
0.026957 167
0.060277 285
2.002311 285
1.998315 285
0.370156 167
0.137752 167
0.043715 167
0.001620 167
0.004275 167
0.005322 167
0.008298 167
0.005313 167
0.005254 167
0.004627 167
0.005883 167
0.005416 167
0.006524 167
0.005148 167
0.005275 167
0.004989 167
0.004946 167
0.007611 167
0.005899 167
0.004400 167
0.006043 167
0.005068 167
0.005328 167
0.005838 167
0.005076 167
0.090757 2454
0.000299 79
0.345265 210
0.224121 294
0.221799 167
0.010893 167
0.440718 285
0.124917 85
0.016768 167
0.040722 143
0.017254 167
0.047707 219
0.006268 223
0.020594 167
0.239380 90
0.018359 167
0.047259 159
0.017088 167
1.405033 285
2.002794 285
2.002392 285
2.001509 285
2.002258 285
2.001228 285
2.002261 285
2.001800 285
2.002244 285
2.002802 285
2.002252 285
2.002287 285
2.003142 285
1.998988 285
2.000852 285
2.002343 285
2.001249 285
2.002344 285
2.002262 285
2.002276 285
2.000763 285
2.000908 285
2.002236 285
2.002177 285
2.002279 285
2.000651 285
2.000479 285
2.002342 285
1.997385 285
2.002259 285
2.002228 285
2.001613 285
2.003073 285
2.002466 285
1.998164 285
2.001751 285
2.002205 285
2.002190 285
2.002294 285
2.001234 285
2.002158 285
2.001270 285
2.002246 285
2.002309 285
2.002208 285
2.001765 285
2.002220 285
2.002328 285
2.002234 285
2.000316 285
2.000397 285
2.002317 285
2.000901 285
2.002270 285
2.002232 285
2.000846 285
2.000534 285
2.001228 285
2.001804 285
0.529019 90
0.016954 167
0.248635 90
0.015262 167
1.189504 285
2.002411 285
2.001353 285
2.002872 285
2.000909 285
2.002600 285
0.612028 105
1.389767 285
2.002785 285
2.003039 285
2.000406 285
2.001332 285
2.001537 285
0.851879 111
1.149229 285
2.002812 285
1.997775 285
2.001989 285
1.997990 285
2.002087 285
2.001162 285
2.002827 285
1.998334 285
1.561114 105
0.440699 285
2.002774 285
2.002561 285
2.003052 285
1.998502 285
2.001072 285
2.002174 285
2.001587 285
2.001587 285
2.002913 285
1.998197 285
0.090694 111
1.908492 285
2.002487 285
2.001723 285
2.001786 285
2.001173 285
2.002099 285
2.002809 285
2.002084 285
2.002457 285
2.001343 285
0.601568 113
1.396652 285
2.002819 285
2.000566 285
2.002167 285
1.998439 285
2.002936 285
2.002773 285
1.998730 285
2.002826 285
2.002205 285
0.005782 110
1.993870 285
2.001180 285
2.002503 285
2.001477 285
2.002316 285
2.002651 285
2.002834 285
1.998771 285
2.002104 285
2.002234 285
0.484912 104
1.514410 285
2.001995 285
2.002707 285
2.000451 285
2.003012 285
2.001969 285
2.002961 285
1.998825 285
2.001105 285
0.845235 107
1.153509 285
2.001970 285
2.001305 285
2.002535 285
2.002793 285
2.002250 285
2.002882 285
1.998668 285
2.001686 285
2.001966 285
2.002143 285
0.965733 108
1.037422 285
2.002882 285
2.002725 285
2.002659 285
2.002680 285
2.002753 285
2.000986 285
1.999037 285
2.002599 285
2.002213 285
0.186374 106
0.016144 167
1.798689 285
1.533396 90
0.017694 167
0.449206 285
1.998792 285
2.001347 285
2.002783 285
2.002518 285
1.908583 90
0.018560 167
0.072360 285
2.001991 285
1.278438 90
0.018219 167
0.701562 285
1.005323 90
0.018914 167
0.977173 285
2.002738 285
2.002188 285
0.629427 90
0.019797 167
0.043180 91
0.001821 167
0.042246 143
0.018822 167
0.062144 221
0.003748 219
0.003671 215
0.004308 221
0.019256 167
0.315615 90
0.021638 171
0.256775 90
0.016981 167
0.248680 90
0.021266 168
0.268477 285
2.002783 285
2.002343 285
2.001601 285
1.755698 342
0.017928 167
0.228545 285
0.179104 90
0.000315 208
0.016922 167
0.262323 85
0.020298 167
0.046655 143
0.021654 167
0.055699 152
0.017380 167
0.062488 159
0.015118 167
0.686472 90
0.024182 167
0.593487 285
2.002750 285
2.001204 285
1.521422 90
0.000394 369
0.021108 167
0.175329 90
0.019646 167
0.264570 285
2.002751 285
2.002726 285
2.002257 285
2.002307 285
2.002791 285
1.998193 285
1.998725 285
2.002819 285
1.997280 285
2.002743 285
1.997681 285
2.002285 285
1.997145 285
2.001612 285
2.002120 285
2.002258 285
2.002241 285
2.002285 285
2.002233 285
2.002208 285
2.002278 285
1.727298 110
0.021841 167
0.248472 285
0.021947 90
0.017923 167
0.424081 90
0.014852 167
1.522200 285
2.002885 285
2.002499 285
0.652041 90
0.017440 167
1.334147 285
2.002629 285
2.002714 285
2.002314 285
1.990850 90
0.012289 285
0.004522 167
0.735191 90
0.017260 167
0.020312 91
0.020109 167
0.066477 152
0.006993 149
0.003794 152
0.017432 167
1.109911 285
2.002019 285
2.002854 285
2.000837 285
2.006868 285
2.002780 285
1.999004 285
2.005578 285
0.353101 90
0.016659 167
0.297130 90
0.017934 167
0.236147 111
0.209929 107
0.020526 167
0.055121 159
0.017522 167
0.781511 285
0.403261 90
0.017085 167
1.582352 285
2.002692 285
2.002753 285
1.059649 90
0.017045 167
0.151425 90
0.018159 167
0.440856 105
0.021773 167
0.137803 85
0.018246 167
0.136418 285
0.113940 85
0.016637 167
0.718167 90
0.018408 167
0.922501 90
0.015931 167
0.149507 85
0.016563 167
0.018683 91
0.008339 285
0.010607 167
0.041284 144
0.015930 167
0.049282 225
0.016785 167
0.044028 160
0.017997 167
1.806710 285
2.002864 285
2.001228 285
2.002192 285
2.002814 285
2.000988 285
2.003016 285
2.002454 285
2.001438 285
2.001254 285
0.142308 106
0.021829 167
0.042482 91
0.000161 167
0.043696 144
0.018682 167
0.052199 221
0.019910 167
0.050476 158
0.017362 167
0.160839 90
0.018504 167
0.017173 91
0.018913 167
0.040872 142
0.016765 167
0.051773 148
0.020410 167
0.204975 85
0.018416 167
0.881216 90
0.018756 167
0.046014 142
0.023468 167
0.052208 285
0.012357 215
0.040142 167
0.164385 90
0.019540 167
0.315062 90
0.019298 167
1.430274 285
2.002334 285
2.002906 285
2.002739 285
2.002206 285
1.570172 90
0.048751 167
0.384566 285
0.021757 103
0.019733 167
1.960977 285
2.001594 285
2.002167 285
2.001899 285
2.001749 285
2.002144 285
1.996532 285
2.002271 285
2.001745 285
2.002824 285
2.002763 285
2.002365 285
2.001884 285
2.001450 285
2.003005 285
2.001161 285
2.000940 285
2.002443 285
2.000908 285
2.002546 285
2.001279 285
2.000709 285
2.002823 285
1.998203 285
2.002788 285
2.002951 285
1.997034 285
2.002167 285
2.002259 285
2.002161 285
2.000540 285
2.003626 285
2.000252 285
2.001869 285
2.002097 285
2.002434 285
2.001537 285
2.002312 285
2.002133 285
2.002274 285
2.002199 285
2.002142 285
1.891031 90
0.017393 167
0.092328 285
0.168980 90
0.017229 167
1.813603 285
2.002865 285
2.002810 285
2.002760 285
1.996688 285
2.001008 285
2.002790 285
2.002538 285
1.186479 90
0.001015 167
0.813028 285
1.996917 285
2.001669 285
2.002217 285
2.002681 285
2.002251 285
1.694184 311
0.070923 214
0.000244 285
0.038547 231
2.199320 287
2.002819 287
1.196841 887
0.760536 1
0.040319 287
0.107975 3
0.180265 1
0.169768 1
0.086879 1
0.054369 1
0.129007 1
0.776992 1
0.455917 1
0.040982 288
0.106695 1
0.186705 1
0.671665 10
0.001966 285
1.033336 285
0.294718 3688
0.008034 205
0.210520 311
0.198612 3611
0.001854 27
0.031096 206
0.304369 3580
0.002322 27
0.023243 206
0.127750 3469
0.144061 3293
0.137307 3262
0.252573 27
0.029985 206
0.168613 3151
0.003353 27
0.034006 206
2.015877 69
0.008516 288
0.523502 1
0.130838 1
0.090795 1
0.112373 1
0.055907 1
0.069817 1
0.098143 1
0.130317 1
0.187623 1
0.104581 1
0.497444 288
0.534154 1
0.323675 1
1.146035 288
0.114425 1
0.195363 1
0.071008 1
0.754806 4
0.188048 4
0.412654 2
0.098483 439
0.001523 311
0.923233 13
1.241462 288
0.172618 4
0.155480 4
0.152492 4
0.162394 4
0.156394 4
0.162570 4
0.241591 1
0.187543 1
0.064586 1
0.456464 1
0.088961 288
0.046622 1
0.091176 1
0.114473 1
0.193183 1
0.913901 1
0.076609 1
0.499051 1
0.064809 288
0.283626 87
0.910705 2
0.089441 731
0.001786 311
0.713319 288
1.385685 1
0.118567 1
0.072227 1
0.114048 1
0.002047 1
0.088690 1
0.121497 1
0.096897 288
0.494414 1
0.183236 1
0.722258 4
0.164718 4
0.436616 288
2.000881 288
2.002222 288
2.002249 288
2.002280 288
0.558262 1
0.206437 1
0.133986 1
0.138734 1
0.111672 1
0.149981 1
0.173846 1
0.065662 1
0.217807 2
0.082902 148
0.002819 311
2.158610 288
2.002274 288
2.002365 288
2.002204 288
1.467994 1
0.163784 1
0.100106 1
0.147714 1
0.120399 288
0.244539 1
0.290565 1
0.143494 1
0.233524 1
0.327356 1
0.103270 1
0.153109 1
0.226337 1
0.105428 1
0.106672 1
0.064332 288
0.402956 4
0.083278 1
0.224198 1
1.290339 288
0.456267 4
0.500169 4
0.032849 4
0.032687 4
0.032832 4
0.032850 4
0.033431 4
0.033656 4
0.033320 4
0.033398 4
0.033188 4
0.033415 4
0.033451 4
0.033204 4
0.033378 4
0.618002 288
0.957958 1
0.079434 1
0.120759 1
0.127066 1
0.288723 1
0.425268 288
0.118143 4
0.170413 4
0.169209 4
0.170088 4
0.161756 4
1.210109 288
0.404937 1
0.180669 1
0.163175 1
0.206422 1
0.196038 1
0.080020 1
0.151623 1
0.080516 1
0.147629 1
0.196413 1
0.183041 1
0.008781 288
0.139502 1
0.124119 1
0.811789 1
0.201246 1
0.116838 1
0.158083 1
0.156924 1
0.090824 1
0.079442 1
0.120190 289
0.158941 1
0.085797 1
0.163986 1
0.120180 1
0.642009 4
0.500017 4
0.033335 4
0.032991 4
0.033782 4
0.033414 4
0.034059 4
0.033766 4
0.034255 4
0.033102 4
0.033127 4
0.028894 288
0.004510 4
0.034350 4
0.033136 4
0.032965 4
0.033580 4
0.033084 4
0.034127 4
0.033581 4
0.033595 4
0.032499 4
0.033523 4
0.032616 4
0.034094 4
0.033405 4
0.863586 15
0.180860 14
0.517409 288
0.399922 87
0.214450 2
0.119425 731
0.001924 285
0.001780 23
1.262346 288
0.802191 1
0.168895 1
0.082763 1
0.326429 1
0.209147 1
0.073272 1
0.124206 1
0.081648 1
0.071354 1
0.056724 288
0.076639 1
0.108555 1
0.130183 1
1.489260 4
0.197070 288
0.301752 4
0.033787 4
0.032807 4
0.034269 4
0.033132 4
0.034171 4
0.032580 4
0.033634 4
0.033521 4
0.032841 4
0.032967 4
1.355054 1
0.008785 288
0.124036 1
0.097377 1
0.190938 1
0.452141 1
1.068255 1
0.068990 288
0.089201 1
0.150625 1
0.111794 1
0.359227 1
0.661276 1
0.132259 1
0.366833 1
0.079749 1
0.048967 288
0.179023 1
0.458709 1
0.163991 1
0.116536 1
0.096364 1
0.080062 1
0.255047 1
0.649465 288
0.006620 1
0.674652 1
0.329065 1
0.152902 1
0.143822 1
0.693625 288
2.002996 288
0.177088 2
0.023775 14
0.000294 23
1.802763 288
0.199644 638
1.219558 1
0.195665 3
0.111003 1
0.207902 1
0.065059 287
0.056818 1
0.121408 1
0.121901 1
0.495364 1
0.208788 1
0.151785 1
0.176706 1
0.184693 1
0.071991 1
0.070462 1
0.096562 1
0.245001 288
0.193195 3
0.499806 3
0.033265 3
0.033107 3
0.033269 3
0.033316 3
0.032719 3
0.032919 1
0.033487 3
0.033338 3
0.033352 3
0.033033 3
0.033534 3
0.034308 5
0.033356 3
0.286252 1
0.145280 3
0.077033 1
0.177579 1
0.189151 287
0.453364 1
0.247692 1
0.141126 1
0.152074 1
0.173828 1
0.346247 1
0.306900 1
0.117004 1
0.060584 288
1.105446 1
0.078790 1
0.459242 1
0.357175 288
0.509337 1
0.165993 1
0.126508 1
0.098408 1
0.119159 1
0.206818 1
0.658007 1
0.116990 288
0.330727 1
0.222510 1
0.130655 1
0.425949 1
0.893358 288
0.002413 39
0.003631 285
0.046557 50
0.001353 214
0.000449 285
0.014720 223
0.000064 8
1.783560 1
0.144996 287
0.126419 3
0.472756 1
0.932065 3
0.469473 287
0.030774 5
0.033673 3
1.525710 896
0.409217 288
0.386043 1
0.147105 1
0.082115 1
0.337942 1
0.159444 1
0.059674 1
0.131014 1
0.068945 1
0.063119 1
0.129214 1
0.186761 1
0.091523 1
0.156895 288
0.361422 1
0.118834 1
0.097647 1
0.351418 1
0.154482 1
0.152372 1
0.765927 288
0.108715 1
0.118949 1
0.117304 1
0.071093 1
0.154271 1
1.358277 1
0.068937 288
0.056607 1
0.071435 1
0.100856 1
0.061951 1
0.074227 1
0.572639 1
0.109896 1
0.139247 1
0.084074 1
0.109864 1
0.167256 1
0.217412 1
0.081147 1
0.153066 288
0.016740 1
0.195562 1
0.145433 1
0.199572 1
0.506799 4
0.501993 4
0.032771 4
0.033436 4
0.033173 4
0.033160 4
0.033093 4
0.033201 4
0.032872 4
0.033947 4
0.033230 4
0.033602 4
0.033583 4
0.033847 4
0.033777 292
0.032946 4
0.032603 4
0.033825 4
0.033034 4
0.032890 4
0.033384 4
0.033039 4
0.033715 4
0.033132 4
0.033638 4
0.033090 4
0.033106 4
0.033951 4
0.034037 4
0.033390 4
0.032282 4
0.033006 4
0.033615 4
0.032540 4
0.033896 4
0.033438 4
0.032940 4
0.033367 4
0.032835 4
0.033036 4
0.033554 4
1.084719 1
0.053106 288
0.041378 1
0.088998 1
0.150090 1
0.075774 1
0.086120 1
0.117526 1
0.079079 1
0.129771 1
0.114324 1
0.137522 1
0.123011 1
0.143181 1
0.143539 1
0.128486 1
0.140203 1
0.128046 1
0.076651 1
0.097147 288
0.005347 1
0.166797 1
0.142474 1
0.738289 1
0.159548 1
0.109454 1
0.099214 1
0.142476 1
0.093142 1
0.098799 1
0.137594 1
0.105100 288
0.067780 1
0.078105 1
0.134005 1
0.087682 1
0.148641 1
0.302686 1
0.170102 1
0.098451 1
0.119355 1
0.186616 1
0.154444 1
0.099138 1
0.098912 1
0.132343 1
0.120978 288
0.005640 1
0.146524 1
0.174592 1
0.137279 1
0.040333 1
0.122394 1
0.139365 1
0.083696 1
0.140187 1
0.687875 1
0.325267 288
1.998978 288
0.488988 1
0.279200 1
0.131742 1
0.159169 1
0.192560 1
0.264067 1
0.119558 1
0.149079 1
0.141774 1
0.072935 288
0.016664 1
0.962705 1
0.131949 1
0.087175 1
0.121412 1
0.109857 1
0.172433 1
0.208447 1
0.189112 288
0.010020 1
0.197897 1
0.082232 1
0.108916 1
0.171348 1
0.164941 1
0.079886 1
0.157423 1
0.074881 1
0.128618 1
0.131648 1
0.262796 1
0.348042 1
0.080868 289
0.002091 1
0.163805 1
1.035384 4
0.500202 4
0.032809 4
0.033698 4
0.034265 4
0.033243 4
0.033001 4
0.033753 4
0.033524 4
0.033366 4
0.032289 288
0.002133 4
0.032794 4
0.033214 4
0.033834 4
0.033469 4
0.032570 4
0.033802 4
0.033184 4
0.034047 4
0.033692 4
0.033136 4
0.034281 4
0.033541 4
0.033564 4
0.034122 4
0.033365 4
0.032491 4
0.033424 4
0.032337 4
0.033374 4
0.033086 4
0.033933 4
0.033603 4
0.033855 4
0.032747 4
0.033196 4
0.032573 4
0.033748 4
0.032820 4
0.032190 4
0.033746 4
0.033558 4
0.033470 4
0.032624 4
0.032800 4
0.032855 4
0.032829 4
0.034401 4
0.033960 4
0.034093 4
0.033033 4
0.033238 4
0.032989 4
0.033181 4
0.033615 4
0.032622 4
0.032782 4
0.033352 4
0.033519 4
0.033323 4
0.033308 4
0.033043 4
0.034071 4
0.033179 4
0.033856 4
0.033227 4
0.033651 4
0.033061 4
0.033652 4
0.031952 4
0.032517 288
0.001497 4
0.034432 4
0.034425 4
0.033788 4
0.032770 4
0.033995 4
0.034580 4
0.032599 4
0.033409 4
0.033417 4
0.033666 4
0.033282 4
0.033083 4
0.032481 4
0.033192 4
0.554616 1
0.122258 1
0.077375 1
0.306062 1
0.113458 1
0.156591 1
0.090433 1
0.112949 288
0.680140 4
0.416370 1
0.140493 1
0.216130 1
0.152406 1
0.060818 1
0.162986 1
0.169219 289
0.069212 1
0.166782 1
0.167667 1
0.821388 1
0.153318 1
0.219628 1
0.337383 1
0.065049 288
0.030564 1
0.148108 1
0.175701 1
0.144625 1
0.294956 1
0.158736 1
0.160083 1
0.167917 1
0.110230 1
0.609473 288
0.069917 1
1.064752 1
0.129471 1
0.121297 1
0.150738 1
0.150959 1
0.196685 1
0.116784 288
0.019877 1
0.103622 1
0.076569 1
0.098813 1
0.079850 1
0.101488 1
0.151145 1
0.079246 1
0.132497 1
0.065220 1
0.109605 1
0.034482 1
0.091118 1
0.061748 1
0.072417 1
0.127742 1
0.435133 1
0.058865 1
0.101194 288
0.041169 1
0.193264 1
0.107592 1
0.146773 1
0.434240 1
0.136876 1
0.103873 1
0.085563 1
0.201038 1
0.549623 288
0.222379 1
0.084472 1
0.118685 1
0.095981 1
0.105787 1
0.111363 1
0.092937 1
0.090605 1
0.059471 1
0.092523 1
0.496849 4
0.429495 288
0.070320 4
0.032024 4
0.033715 4
0.032805 4
0.033892 4
0.033434 4
0.032932 4
0.033255 4
0.034191 4
0.034030 4
0.033999 4
0.033952 4
0.034562 4
0.032836 4
0.032911 4
0.033507 4
0.033776 4
0.034178 4
0.033007 4
0.034125 4
0.033435 4
0.033569 4
0.033197 4
0.033834 4
0.032750 4
0.033702 4
0.033310 4
0.034422 4
0.032731 4
0.034264 4
0.033236 4
0.033288 4
0.032831 4
0.033470 4
0.033319 4
0.033505 4
0.033069 4
0.034308 4
0.033206 4
0.033683 4
0.033525 4
0.034763 4
0.030149 4
0.034471 4
0.034045 4
0.034155 4
0.032629 4
0.034124 4
0.033356 4
0.033696 4
0.033167 4
0.033574 4
0.033641 4
0.032532 4
0.033095 4
0.032612 4
0.033082 4
0.034853 4
0.020792 288
0.013295 4
0.032623 4
0.033571 4
0.033731 4
0.034574 4
0.032987 4
0.033611 4
0.032786 4
0.033509 4
0.032822 4
0.033814 4
0.033346 4
0.033256 4
0.032870 4
1.230043 1
0.129142 1
0.068562 1
0.125078 288
0.002439 1
0.013516 1
0.090877 1
0.099626 1
0.962478 1
0.174980 1
0.061579 1
0.593566 288
0.247848 1
0.106708 1
0.109011 1
0.099482 1
0.161535 1
0.850222 1
0.199692 1
0.125699 1
0.095686 1
0.004873 288
0.060081 1
0.202221 1
1.738469 288
2.002742 288
2.002774 288
0.283003 1145
0.084998 24
0.105959 26
0.049604 27
0.084833 28
0.049561 29
0.077867 30
0.113159 31
0.120352 32
0.120312 33
0.311070 34
0.587852 31
0.001522 3792
1.145873 1
0.517463 1
0.349132 288
0.256681 4
0.298417 4
0.692550 288
0.342234 1385
1.544896 288
0.866037 288
0.658406 288
1.344995 288
2.002971 288
2.002696 288
0.681128 288
0.162714 44
0.055726 24
0.056426 26
0.045797 27
0.024835 28
0.038837 29
0.017906 30
0.049753 31
0.092015 32
0.070895 33
0.240100 34
0.465499 288
0.419134 31
0.001607 3792
0.001782 22
1.578554 288
1.998773 288
1.977271 4
0.020808 288
0.479784 4
0.033795 4
0.033503 4
0.032717 4
0.032905 4
0.033830 4
0.033206 4
0.033678 4
0.165992 4
0.403398 4
0.715447 1
0.004964 288
1.397734 1
0.503820 1
0.101099 288
0.788710 2
0.101581 26
0.015825 212
0.219278 96
0.000564 73
0.220971 96
0.000588 73
0.225854 166
0.224157 96
0.000987 73
0.201268 285
0.024408 166
0.220877 166
0.217455 166
0.220300 166
0.205635 166
0.226524 166
0.218467 166
0.219413 166
0.220034 166
0.220573 96
0.000663 73
0.004648 285
0.199927 166
0.220564 166
0.218617 166
0.219262 166
0.221442 96
0.001087 73
0.223191 169
0.213539 166
0.234939 167
0.213393 38
0.006585 311
1.692234 35
0.320007 35
0.017191 288
0.640697 27
1.106424 87
0.173655 2
0.076302 285
0.016084 731
0.001822 23
1.335622 18
0.167954 24
0.481525 288
0.390755 4
0.102954 1
1.506571 288
0.213775 4
0.086794 1
0.584437 2
0.064034 26
0.005828 372
0.238799 292
0.232960 296
0.219844 292
0.222115 292
0.129043 285
0.094477 238
0.000719 53
0.215660 292
0.233943 296
0.216715 297
0.223972 292
0.221831 292
0.219732 292
0.223894 292
0.219757 292
0.128904 285
0.089908 292
0.224465 292
0.224578 292
0.222631 292
0.222051 292
0.218101 296
0.222158 87
0.000229 214
0.223925 292
0.209341 292
0.144402 285
0.072211 291
0.207358 292
0.208115 292
0.218533 359
0.206913 73
0.216781 73
0.217253 73
0.226839 73
0.220050 73
0.204964 285
0.019863 73
0.221604 73
0.217830 73
0.218856 73
0.226156 73
0.218043 73
0.220232 73
0.225064 73
0.219057 73
0.213008 285
0.009727 73
0.204620 73
0.218994 73
0.219789 73
0.219376 73
0.219701 73
0.219969 73
0.219886 73
0.207136 38
0.009753 311
0.489671 35
0.946575 11
0.647873 87
0.169324 288
0.058560 2
0.108983 731
0.001777 23
0.771575 1
0.128565 1
0.078586 1
0.099749 1
0.037927 1
0.093257 1
0.100472 1
0.187392 1
0.333254 288
0.192542 12
0.332872 24
0.435476 1
0.499754 1
0.032885 1
0.235843 3
0.157985 3
0.112977 288
0.039623 3
0.248143 4
0.173555 4
0.191793 1
0.501047 1
0.033639 1
0.032081 1
0.033162 1
0.033698 1
0.033171 1
0.033616 1
0.033546 1
0.171893 1
0.172099 1
0.155882 1
0.112943 288
0.049222 1
0.167933 23
0.167627 23
0.170408 23
0.159030 23
0.201665 23
0.474795 19
0.165966 19
0.090364 19
0.146738 19
0.209229 288
1.528057 2
0.104163 102
0.000488 102
0.000606 102
0.000745 102
0.000780 102
0.000878 102
0.001072 1368
0.001269 1894
0.000293 2128
0.001306 306
2.363882 283
2.000516 283
0.965452 32
1.034032 283
0.204998 101
0.511435 2
0.097860 102
0.000664 102
0.001157 181
0.000338 102
0.000800 102
0.000871 289
0.000858 102
0.001277 4095
0.000018 197
0.001705 306
1.178067 283
1.133298 900
0.803892 26
0.065023 288
0.515624 39
0.001530 285
0.031433 50
0.002817 214
0.000986 285
0.031574 231
0.824436 26
0.386193 39
0.001860 285
0.032462 50
0.003392 214
0.001169 285
0.029206 231
0.670521 26
0.316333 39
0.001687 285
0.029987 50
0.002711 214
0.001277 285
0.030739 231
0.430758 26
0.317399 39
0.001599 285
0.032934 50
0.002202 214
0.000922 285
0.014713 231
0.422453 26
0.288710 39
0.001728 285
0.012154 50
0.000931 214
0.000254 285
0.009988 231
0.550685 26
0.330251 39
0.001700 285
0.027141 50
0.002568 214
0.000829 285
0.026699 223
0.000216 8
0.456563 26
0.153176 288
0.152746 39
0.001608 285
0.027610 50
0.001399 214
0.000315 285
0.011549 231
0.412293 26
0.333527 39
0.029285 285
0.030741 50
0.002252 214
0.001448 285
0.028915 223
0.000048 8
0.449108 26
0.178520 39
0.001594 285
0.029388 50
0.002744 214
0.000545 285
0.014990 231
2.287662 287
0.815465 896
1.186039 283
1.591856 283
0.438362 2295
1.008963 2376
0.382763 1807
0.334946 2530
2.242553 284
0.582737 449
0.222653 184
0.161198 197
0.174036 227
0.156152 170
0.172768 184
0.440165 2412
0.500579 1794
0.033222 2114
0.032857 44
0.033819 44
0.034085 44
0.032710 309
0.033589 44
0.033523 44
0.033325 44
0.033195 44
0.033105 44
0.033868 44
0.032803 44
1.190547 283
0.197631 9
0.558133 2485
0.269417 32
0.973923 283
0.285501 101
0.462887 2
0.099086 102
0.000377 102
0.000716 102
0.000692 181
0.000518 102
0.000602 102
0.000534 102
0.001377 1942
0.002036 2174
0.000269 1969
1.098349 69
0.048934 288
0.644115 1
0.122237 1
0.102745 1
0.124336 1
0.009912 1
0.104573 1
0.207865 1
0.685686 288
0.124381 1
0.071979 1
0.439683 2
0.109578 1422
0.000444 311
0.566799 1
0.118516 1
0.097433 1
0.080815 1
0.058348 1
0.082239 1
0.032631 1
0.166033 1
0.048838 288
0.083243 1
0.029303 1
0.158320 1
0.116414 1
1.614199 288
0.145162 1
0.266946 1
1.589625 288
0.003816 2
0.090490 345
0.001677 23
0.824774 14
0.416721 4
0.178109 4
0.485365 288
1.299921 1
0.460429 1
0.070225 1
0.173040 288
0.542445 2
0.078393 376
0.001319 306
1.382379 283
2.002897 283
0.963596 1891
0.600589 283
0.332418 3
0.501047 3
0.032862 8
0.033517 8
0.033007 8
0.033542 8
0.033141 288
0.033880 3
0.033359 3
0.033586 8
0.033999 8
0.033340 8
0.032733 8
0.032944 9
0.033403 9
0.032894 9
0.033652 8
0.190997 313
0.153202 265
0.260726 267
0.275298 547
0.416422 1
0.451573 289
1.354167 289
1.998818 289
0.424226 1430
0.505573 15
0.569780 4
0.180203 4
0.179127 4
0.140941 283
0.739075 1
0.139911 1
1.090637 32
0.028585 282
0.069533 438
0.001398 23
1.425103 1
0.231112 1
0.273194 283
0.194885 1
1.525147 4
0.182035 4
0.100987 283
0.076763 4
1.865263 1
0.061106 283
0.122705 1
0.081102 1
0.132435 1
0.784606 39
0.004742 70
0.003007 214
0.000932 282
0.012669 232
0.471426 1
0.201970 3
0.103664 1
0.080914 282
0.043929 1
0.537917 40
0.003097 282
0.026919 3721
0.012325 205
1.000760 1
0.204645 3
0.085047 1
0.085090 282
0.040947 1
1.210262 39
0.000992 282
0.005228 94
0.000088 10
0.000216 215
0.000091 109
0.009012 207
0.000051 7
0.000029 8
0.989796 1
0.242140 3
0.106841 1
0.124891 1
0.297932 7
0.000109 11
0.003126 18
