0.497397 215
0.000015 109
0.007038 207
0.000033 7
0.000007 8
0.405247 1
0.075428 3
0.148425 1
0.099787 1
1.182402 7
0.000133 11
0.001560 18
0.015606 170
0.000526 504
0.000074 86
0.000434 504
0.476106 215
0.000163 284
0.007043 209
0.000032 8
0.802613 286
0.938027 1283
0.009715 210
0.463197 214
0.007158 221
0.608138 287
0.663489 1437
0.030393 219
0.000693 213
0.277825 1437
0.029882 423
0.138344 1437
0.147883 1437
0.139123 1437
0.152436 1437
0.132618 1437
0.128471 1437
0.145124 1437
0.283337 409
1.122180 891
0.835210 1
0.177990 3
0.188929 1
0.092915 286
0.073708 1
0.077927 1
0.041845 1
0.132058 1
0.364630 1
0.222860 1
0.367427 1
0.548376 1
0.173313 287
0.051839 1
0.136153 1
0.187126 1
0.085096 1
0.111415 1
0.178722 1
0.099988 1
0.109553 1
0.093409 1
0.137239 1
0.176976 1
0.629391 287
0.972844 10
0.001070 284
0.636789 69
0.099138 65
0.292466 284
0.899332 13
1.101363 287
0.111660 4
0.000018 13
0.603783 4
0.000011 13
0.422778 4
0.000241 13
0.864937 287
0.081349 4
0.057445 75
0.117569 76
0.335431 898
1.410647 287
0.392499 277
0.430370 88
0.725880 99
0.272074 94
0.180359 287
0.024821 99
0.000956 49
0.000829 54
0.096333 64
0.093698 74
0.000430 72
0.000476 72
0.212452 84
0.100239 58
0.317173 104
0.203792 118
0.000069 63
0.953390 287
2.002104 287
2.002167 287
2.000627 287
2.002836 287
2.000773 287
2.002193 287
1.997152 287
1.843261 70
0.156897 287
2.001165 287
2.001243 287
2.002252 287
0.509341 65
0.872258 43
0.033222 41
0.585605 287
1.930078 137
0.069116 287
2.002814 287
2.002089 287
0.531719 108
0.002854 126
0.042082 126
0.000176 107
0.000325 98
0.000179 132
0.000263 128
0.000277 132
0.000216 130
0.000205 127
0.000198 126
0.000252 109
0.000117 165
0.000257 135
0.008195 2146
0.006380 279
0.006480 587
0.007134 430
0.010103 838
0.008871 635
0.019210 322
0.001842 219
0.007471 461
0.002929 104
0.002883 196
0.256528 72
0.130485 53
0.004307 2121
0.000159 63
0.000317 59
0.342045 94
0.201229 134
0.039909 141
0.365001 287
0.752995 176
0.001646 105
0.819155 143
0.432835 287
2.001735 287
2.002748 287
1.137201 101
0.861691 287
2.001451 287
1.998246 287
2.002652 287
0.293377 95
0.195271 105
1.094967 194
0.054066 102
0.005759 332
0.202676 63
0.041318 62
0.112352 287
0.168671 64
0.001432 57
0.163736 93
0.083611 121
0.577310 121
0.029279 121
0.015726 121
0.028800 121
0.028958 121
0.011895 121
0.011264 121
0.238618 121
0.028341 121
0.012247 121
0.066730 121
0.020427 121
0.012130 121
0.011842 121
0.013119 121
0.013077 121
0.012951 121
0.024368 121
0.014696 121
0.016671 121
0.016754 121
0.012389 121
0.012301 121
0.015430 121
0.027522 121
0.045498 121
0.019153 121
0.244569 287
1.002328 121
0.658101 121
0.340277 287
0.089017 121
0.230082 121
0.093915 121
0.032097 121
0.029791 121
1.135323 121
0.388557 287
2.002128 287
2.000896 287
1.349294 121
0.652617 287
2.000683 287
2.002148 287
2.002234 287
2.002140 287
2.002195 287
1.581016 121
0.416596 287
2.001918 287
2.002131 287
2.002130 287
0.592115 121
0.042794 121
0.041361 121
0.053516 121
0.011628 121
0.003794 121
0.004144 121
0.006079 121
0.005755 121
0.003181 121
0.003314 121
0.004025 121
0.004655 121
0.004079 121
0.004996 121
0.004791 121
0.005447 121
0.004323 121
0.004036 121
0.004331 121
0.004907 121
0.004285 121
0.004035 121
0.004375 121
0.004868 121
0.004624 121
0.027165 121
0.004305 121
0.004228 121
0.003834 121
0.025102 121
0.004095 121
0.004589 121
0.004035 121
0.004338 121
0.004517 121
0.003605 121
0.003400 121
0.003532 121
0.003802 121
0.003773 121
0.004670 121
0.005143 121
0.000717 121
0.000986 121
0.105226 2121
0.000061 47
0.046933 154
0.900175 287
0.204795 86
0.207846 94
0.488469 120
0.199388 44
0.003161 49
0.001882 71
0.009648 16
0.000221 16
0.000085 16
0.009953 16
0.010889 19
0.005868 31
0.005630 74
0.018367 78
0.837083 287
0.041089 71
0.102869 121
1.857961 287
2.002092 287
2.000505 287
2.002259 287
2.002269 287
2.002165 287
1.999214 287
2.002122 287
2.002212 287
2.002110 287
2.001625 287
2.002225 287
2.002145 287
1.996467 75
0.004289 287
1.392212 89
0.609265 287
0.475063 97
0.000876 90
0.353785 1
0.391614 3
0.073631 1
0.199126 1
0.377728 106
0.128439 287
0.047009 115
0.013153 1
0.215546 1
0.762773 1
0.210404 1
0.052270 1
0.163162 1
0.163117 1
0.143162 1
0.228382 288
0.310872 1
0.100508 1
0.130696 1
0.185743 87
0.000061 81
0.000204 88
0.470775 1
0.026463 96
0.000365 143
0.175951 1
0.095821 1
0.172916 1
0.105913 1
0.224466 288
0.532728 1
0.099488 1
0.131636 1
0.174201 1
0.105072 99
0.435580 1
0.116054 1
0.043415 82
0.044862 1
0.261031 100
0.028798 113
0.000355 103
0.000954 105
0.000360 106
0.024376 288
0.215729 93
0.000222 100
0.000389 128
0.001337 140
0.001747 174
0.001215 132
0.000484 136
0.002737 184
0.000213 156
0.000872 162
0.000675 181
0.000734 100
0.000168 160
0.000220 184
0.000847 140
0.000170 133
0.000277 100
0.000318 137
0.132903 1
0.024875 105
0.102339 109
0.001788 1722
0.000202 97
0.000270 92
0.060313 126
0.217769 192
0.083585 1
0.035593 128
0.181944 248
0.016469 96
0.007315 95
0.030453 1
0.019202 97
0.000302 90
0.064439 150
0.013318 168
0.011449 168
0.012736 168
0.048237 168
0.036442 168
0.040260 168
0.013887 168
0.009202 168
0.010216 1
0.006303 168
0.005716 168
0.004867 168
0.005848 168
0.004952 168
0.004716 168
0.005095 168
0.004440 168
0.006119 168
0.067900 964
0.000142 80
0.117257 100
0.034557 1416
0.100169 100
0.033970 113
0.160663 1
0.032980 288
0.127690 1
0.065279 1
0.054117 1
0.118277 1
0.115891 1
0.193224 1
0.123553 1
0.188692 1
0.099348 1
0.098587 1
0.749025 1
0.068843 288
0.098826 1
0.185498 1
0.102524 1
0.098948 1
1.518259 288
0.303496 3
0.500030 3
0.033789 3
0.033533 3
0.034284 3
0.033314 3
0.034057 3
0.033292 3
0.033396 3
0.034604 3
0.031493 1
0.033738 3
0.033759 3
0.033138 3
0.033579 3
0.033185 3
0.032638 3
0.033552 3
0.032852 3
0.033464 1
0.032854 3
0.032769 3
0.032976 3
0.033164 1
0.033010 3
0.033119 3
0.033841 3
0.032570 1
0.033258 3
0.032831 3
0.032995 3
0.033084 3
0.034055 1
0.033710 3
0.034137 3
0.034064 1
0.033667 3
0.028946 288
0.003748 3
0.033486 3
0.033118 3
0.032616 3
0.168683 3
0.126692 103
0.002624 95
0.035450 3
0.009654 104
0.000920 105
0.143915 1
0.162489 3
0.161069 5
0.092985 580
0.066711 3
0.929997 287
1.998646 287
2.002750 287
2.002837 287
2.002764 287
2.002821 287
2.002909 287
2.000259 287
1.378439 104
0.256188 317
0.158646 953
0.027374 174
0.002501 159
0.000916 334
0.002489 243
0.000624 157
0.002821 248
0.001004 139
0.001939 254
0.002098 351
0.002000 161
0.000300 165
0.001686 400
0.002069 285
0.001322 163
0.001263 268
0.000328 133
0.013843 709
0.133744 104
0.008302 287
0.089625 108
0.002755 2685
0.000114 91
0.090028 290
0.016029 296
0.028601 299
1.774732 287
1.077159 210
0.001215 139
0.921791 287
1.997165 287
2.001737 287
2.000931 287
0.250229 332
0.003759 401
0.046198 95
0.036992 94
0.091470 132
0.122736 149
0.110839 167
0.033665 167
0.012336 167
0.014698 167
0.064302 167
0.016829 167
0.043323 167
0.199602 167
0.060565 167
0.320539 167
0.057260 167
0.046061 167
0.058858 167
0.022497 167
0.148264 167
0.044445 167
0.025633 167
0.168098 441
0.111527 167
0.031838 167
1.857039 287
2.002160 287
0.448124 167
0.123331 167
0.042627 167
0.002117 167
0.003245 167
0.008560 167
0.003583 167
0.007789 167
0.008055 167
0.005928 167
0.006154 167
0.005261 167
0.006609 167
0.006415 167
0.007124 167
0.008659 167
0.006611 167
0.007758 167
0.006792 167
0.004770 167
0.007093 167
0.005603 167
0.005164 167
0.005381 167
0.004691 167
0.074234 2454
0.000259 79
0.260064 210
0.434882 167
0.013295 167
0.468750 287
0.060508 85
0.016753 167
0.082880 143
0.026183 167
0.056568 219
0.007422 223
0.020569 167
0.225071 90
0.015345 167
0.046172 159
0.017469 167
1.425115 287
2.000392 287
2.000832 287
2.000663 287
2.002188 287
2.002097 287
2.001791 287
2.002352 287
2.002098 287
2.001399 287
2.001752 287
2.002181 287
2.002420 287
2.001536 287
2.000431 287
2.005945 287
2.001033 287
2.002352 287
2.001458 287
2.002249 287
2.002104 287
2.002142 287
2.001220 287
2.002203 287
2.002357 287
1.999351 287
2.002197 287
2.001598 287
2.000454 287
2.001747 287
2.001409 287
2.001167 287
2.002263 287
2.000338 287
2.002790 287
2.002925 287
2.002009 287
2.002225 287
2.001635 287
2.001879 287
2.001794 287
2.002154 287
2.001909 287
2.002135 287
2.001595 287
2.000373 287
2.000371 287
2.002197 287
2.002250 287
2.002208 287
1.997637 287
2.002215 287
1.998158 287
2.002013 287
2.002143 287
2.000331 287
2.001192 287
2.000844 287
2.000292 287
2.002225 287
1.208537 90
0.015714 167
0.245444 90
0.016581 167
0.512790 287
2.002632 287
2.002522 287
1.997674 287
2.004988 287
2.000979 287
1.558203 105
0.440751 287
2.002893 287
2.002623 287
2.002326 287
2.002649 287
2.002651 287
0.672820 111
1.330165 287
2.002560 287
2.002126 287
2.002185 287
2.002721 287
2.001651 287
2.002688 287
2.002498 287
2.002120 287
0.846413 105
1.154062 287
2.002650 287
2.002747 287
2.002174 287
1.999837 287
2.001434 287
2.002746 287
2.001724 287
2.002167 287
2.002188 287
0.485923 111
1.518145 287
2.002315 287
2.001564 287
2.002078 287
1.997104 287
2.002630 287
1.998777 287
2.002620 287
2.002743 287
1.998236 287
0.783288 113
1.218285 287
1.996777 287
2.001057 287
2.002229 287
2.002648 287
2.002686 287
2.002577 287
2.002716 287
2.002103 287
0.793637 110
1.210032 287
2.002839 287
1.998632 287
2.001279 287
2.001646 287
2.000258 287
2.004266 287
1.998731 287
2.006866 287
1.998165 287
1.019062 104
0.981782 287
2.001032 287
2.002800 287
2.002142 287
2.002726 287
1.998638 287
2.002620 287
2.002767 287
2.002182 287
0.834089 107
1.166095 287
2.002354 287
2.004881 287
2.002812 287
2.002623 287
1.997428 287
2.002575 287
1.998638 287
2.002692 287
2.002177 287
0.678790 108
1.322242 287
2.001154 287
2.002170 287
2.002249 287
2.002704 287
2.001544 287
1.998069 287
2.002650 287
1.998152 287
0.702454 106
0.016098 167
1.281954 287
1.889690 90
0.016602 167
0.092392 287
2.002885 287
1.997402 287
2.002665 287
2.001926 287
0.963789 90
0.017829 167
1.017302 287
2.002119 287
0.058682 90
0.018971 167
1.621064 90
0.017931 167
0.280528 287
2.002196 287
2.002102 287
0.299294 90
0.016874 167
0.042865 91
0.000321 167
0.067035 143
0.027999 167
0.072755 221
0.004807 219
0.002996 215
0.006297 221
0.020848 167
0.344841 90
0.019559 171
0.264343 90
0.018796 167
0.256671 90
0.017850 168
0.517262 287
2.001408 287
1.998164 287
2.002732 287
1.931302 342
0.016124 167
0.052352 287
0.349512 90
0.000183 208
0.017673 167
0.245610 85
0.014697 167
0.072229 143
0.023921 167
0.049885 152
0.016858 167
0.053441 159
0.017075 167
0.669468 90
0.025131 167
0.445434 287
2.002686 287
2.002594 287
1.357817 90
0.000118 369
0.018224 167
0.153296 90
0.017106 167
0.452652 287
2.001334 287
2.002047 287
2.002616 287
2.002089 287
2.002789 287
2.001696 287
2.000688 287
2.001836 287
2.002913 287
2.000750 287
2.001478 287
2.002248 287
2.002154 287
2.000893 287
2.005221 287
2.002225 287
2.002267 287
2.000644 287
2.002092 287
2.001715 287
1.854322 110
0.022437 167
0.124385 287
0.143232 90
0.017241 167
0.450927 90
0.016018 167
1.373561 287
2.002734 287
2.002632 287
0.812172 90
0.016779 167
1.169524 287
2.001673 287
2.001527 287
2.001443 287
1.528699 90
0.018474 167
0.452350 287
0.235690 90
0.017009 167
0.020192 91
0.018681 167
0.092817 152
0.012371 248
0.020041 167
1.585418 287
2.002805 287
2.002895 287
2.001827 287
2.001341 287
2.002716 287
2.002764 287
1.891174 90
0.020350 167
0.088415 287
0.249931 90
0.018607 167
0.271648 111
0.223396 107
0.041220 167
0.035220 159
0.022715 167
0.827546 90
0.019747 167
0.289065 287
2.000972 287
1.998993 287
1.457084 90
0.018735 167
0.148105 90
0.015925 167
0.364621 287
0.123605 105
0.017461 167
0.166527 85
0.015707 167
0.232400 85
0.019949 167
0.722860 90
0.018866 167
0.680680 287
0.238465 90
0.018928 167
0.143684 85
0.018105 167
0.018028 91
0.018173 167
0.076498 144
0.037095 167
0.117802 225
0.016342 167
0.054616 160
0.020112 167
1.225989 287
2.003339 287
1.998757 287
2.000419 287
2.001325 287
2.002620 287
1.998872 287
2.002689 287
2.001958 287
2.002642 287
1.631157 106
0.016951 167
0.045873 91
0.000282 167
0.067580 144
0.024573 167
0.053795 221
0.016815 167
0.046084 158
0.018604 167
0.076281 287
0.095885 90
0.017987 167
0.019329 91
0.018533 167
0.044910 144
0.018221 167
0.054447 153
0.021876 167
0.057246 160
0.018911 167
1.634334 287
1.745287 90
0.019720 167
0.236538 287
1.998729 287
2.002823 287
2.002297 287
1.998144 287
1.363253 90
0.019610 167
0.617070 287
2.001559 287
2.002845 287
2.002822 287
2.002103 287
2.002951 287
2.001331 287
2.002703 287
2.001800 287
2.000940 287
2.002883 287
1.998765 287
2.001414 287
2.002586 287
2.001697 287
2.002416 287
2.002931 287
2.002071 287
2.002708 287
2.002483 287
2.002554 287
2.000679 287
2.002788 287
1.998698 287
2.001498 287
2.002670 287
2.000827 287
1.998640 287
2.002033 287
2.002653 287
2.001285 287
2.002438 287
2.002321 287
2.002955 287
2.002781 287
2.001575 287
2.002066 287
2.002873 287
2.001762 287
1.998644 287
2.002878 287
2.001631 287
2.002685 287
2.001118 287
2.001755 287
2.002944 287
1.998718 287
2.002768 287
2.002747 287
1.998853 287
2.002664 287
2.002699 287
2.002681 287
2.002144 287
2.000316 287
2.001801 287
0.795893 125
0.432287 120
0.773369 287
2.002211 287
1.998810 287
2.001889 287
2.002700 287
2.000593 287
2.001119 287
2.002080 287
2.001244 287
2.002784 287
2.002300 287
2.002578 287
1.757221 124
0.022679 167
0.220348 287
2.001181 287
0.786365 90
0.017151 167
0.145875 85
0.017039 167
0.139163 90
0.018957 167
0.877031 287
2.002337 287
2.002189 287
0.089489 90
0.017934 167
0.151500 90
0.019322 167
0.140376 90
0.018822 167
1.566296 287
0.815982 90
0.019995 167
0.136362 90
0.018383 167
0.959410 90
0.020143 167
0.028312 287
0.263709 90
0.018867 167
0.018637 91
0.020725 167
0.061093 153
0.015827 167
0.055779 160
0.015310 167
1.529822 287
1.458543 1099
0.021496 167
0.521304 287
2.000894 287
2.002691 287
1.611420 90
0.020576 167
0.368559 287
0.101335 120
0.431260 120
0.433319 119
0.021437 167
0.353645 85
0.020171 167
0.641407 287
1.834364 90
0.018904 167
0.133990 90
0.012327 287
0.006662 167
1.001800 90
0.021342 167
0.146450 90
0.018514 167
0.139009 90
0.018843 167
0.649522 287
1.696381 90
0.017042 167
0.145255 90
0.018665 167
0.124320 287
0.883390 90
0.018683 167
0.146927 90
0.018925 167
0.017063 91
0.018727 167
0.082371 144
0.040048 167
0.052536 221
0.017565 167
0.240093 90
0.017895 167
0.010537 313
0.241537 112
0.022556 167
0.047964 140
0.019874 167
0.056257 144
0.018076 167
0.028328 287
0.248551 90
0.015865 167
0.145169 90
0.017903 167
1.574147 287
1.774011 90
0.017758 167
0.160671 90
0.018816 167
0.028366 287
0.236368 90
0.018221 167
0.250666 90
0.016591 167
0.269954 90
0.046784 167
0.238664 90
0.015416 167
0.909291 287
2.000967 287
2.002903 287
1.088678 90
0.027406 167
0.297845 90
0.017331 167
0.209994 90
0.018852 167
0.071245 141
0.027655 167
0.056947 145
0.019335 167
0.164418 287
0.116843 90
0.019329 167
0.259687 113
0.020837 167
0.069993 140
0.018257 167
0.057574 207
0.016443 167
0.191958 90
0.017483 167
0.054496 146
0.015159 167
0.057268 229
0.016976 167
0.049390 162
0.020343 167
1.001147 287
2.002744 287
2.001005 287
2.002712 287
2.002752 287
2.002299 287
2.002733 287
2.001901 287
1.998700 287
2.001199 287
1.998949 287
2.002851 287
2.002510 287
2.002861 287
2.002092 287
1.067905 106
0.021100 167
0.041601 91
0.000923 167
0.071481 146
0.019624 167
0.052639 231
0.019591 167
0.260184 90
0.017097 167
0.248685 90
0.016517 167
0.164488 287
0.102052 210
1.607215 210
0.289041 287
2.002668 287
2.002165 287
0.688523 210
0.223887 210
0.254617 90
0.000572 268
0.076227 227
0.000214 287
0.050684 223
0.705672 287
2.002878 287
2.002845 287
2.001149 287
2.003966 287
2.002865 287
1.380251 1
0.091759 3
0.230420 1
0.208686 1
0.088864 287
0.933555 1
0.157963 1
0.373345 20
0.541355 288
0.837435 3
0.499970 3
0.033069 3
0.033213 3
0.032944 3
0.033691 3
0.032550 3
0.033653 3
0.032906 3
0.033551 3
0.032996 3
0.033246 3
0.033070 1
0.034149 3
0.032350 5
0.033369 3
0.197302 287
2.002693 287
2.002677 287
2.002649 287
2.002746 287
2.002636 287
2.002250 287
2.002725 287
2.002605 287
2.001433 287
2.001549 287
2.002672 287
2.005452 287
2.002778 287
1.452519 1
0.131534 3
0.163986 1
0.173073 1
0.079180 1
0.004818 288
0.049452 1
0.127103 1
0.108988 1
0.316750 1
0.164304 1
0.111980 1
0.196243 10
0.002198 285
0.921150 285
1.407629 311
0.593500 288
0.960036 1
0.089955 1
0.153952 1
0.169966 1
0.183588 1
0.183205 3
0.257113 288
0.392118 1
0.231827 1
0.128289 1
0.107481 1
0.112837 1
0.355797 2
0.031480 1561
0.641532 283
0.553760 1
0.119362 1
0.102189 1
0.197725 1
0.223340 1
0.149460 1
0.137821 1
0.147421 1
0.369186 283
0.200966 1
0.306035 1
0.326361 1
0.139784 1
1.025800 283
1.649768 1
0.074053 1
0.281042 283
0.267342 1
0.493365 1
0.170036 1
0.112544 1
0.110937 1
0.076795 1
0.301022 1
0.469402 283
0.354397 1
0.587845 4
1.057880 283
0.650081 32
0.055851 357
0.681142 21
0.613456 283
0.126920 1
0.468749 1
0.219643 1
0.144294 1
0.124769 1
0.917683 283
0.058583 32
0.025251 51
0.001263 23
0.846447 1
0.178692 1
0.092572 1
0.101077 1
0.697452 283
1.627406 39
0.002641 70
0.030396 214
0.000431 282
0.014805 232
1.203622 1
0.130271 3
0.117135 1
0.157743 1
0.319796 1
0.336744 1
0.057051 283
0.094786 1
0.149345 1
0.142518 1
0.329249 1
0.314790 1
0.142680 1
0.833557 283
1.455987 1
0.093369 1
0.240835 1
0.213252 283
0.236027 1
0.155075 1
0.129176 1
0.103933 1
0.311786 3
0.499894 3
0.032621 3
0.035154 3
0.031327 3
0.033108 3
0.033150 3
0.033427 3
0.033557 3
0.033390 3
0.033230 3
0.033127 3
0.032860 3
0.033076 3
0.034350 1
0.033875 3
0.033125 3
0.034110 5
0.033075 282
0.000375 3
0.421041 1
0.072527 3
0.126455 1
0.116851 1
0.124282 1
0.256167 13
0.680600 3
0.201141 283
0.030020 1
0.163091 1
0.101006 1
0.117680 1
1.323672 40
0.001956 282
0.068393 304
0.000274 949
0.000041 643
0.001097 1782
0.000007 14
0.000016 139
0.000585 214
0.000327 282
0.009390 232
2.184020 282
0.551447 1545
0.823072 8
0.270244 288
0.499946 3
0.032939 3
0.032910 3
0.033422 3
0.032529 3
0.034066 3
0.032562 3
0.033712 3
0.034355 3
0.032718 3
0.149683 427
0.188356 147
0.158981 147
0.160429 147
0.167939 147
0.147395 147
0.152356 427
0.153466 156
0.148312 157
0.500163 159
0.032145 159
0.032971 156
0.353214 439
0.200682 159
0.297417 159
0.388307 441
0.353446 157
1.252754 288
0.315458 288
0.263735 3
0.344104 3
0.208562 157
0.196167 440
0.575118 1146
0.813798 282
0.188417 1
0.128353 3
0.101447 1
0.174939 1
0.214987 1
0.169600 1
0.133285 1
0.154065 1
0.124119 1
0.536331 1
0.072883 283
0.257586 1
0.121701 1
1.138246 1
0.045880 1
0.245978 1
0.193110 283
0.236684 1
0.149615 1
0.108039 1
0.083307 1
0.080008 1
0.133921 1
0.724678 1
0.280504 1
0.204911 283
0.018025 1
0.141808 1
0.139363 1
1.206215 40
0.001742 282
0.063988 51
0.002312 214
0.001143 282
0.026604 224
0.000044 8
2.403664 282
0.273746 1
0.425674 3
1.091258 5
0.156588 3
0.052785 282
0.217275 1
0.184006 3
0.084149 1
0.123362 1
0.457538 40
0.001842 282
0.045035 3970
0.028320 205
0.658741 1
0.205155 282
0.025752 3
0.118352 1
0.222136 1
0.558969 39
0.003324 282
0.007687 94
0.000174 10
0.000346 215
0.000106 109
0.012743 207
0.000095 15
0.499577 1
0.225418 3
0.174535 1
0.108092 1
0.162263 7
0.000154 11
0.002770 18
